1.0e-12
256
-3.0902148303518793
-3.069724936850492
-3.0611905935063954
-3.0403469460226162
-3.034115793291126
-3.0189374953140238
-3.0135237437234683
-2.9615187981318414
-2.927171331941329
-2.8724994654741036
-2.838672619858028
-2.8206306880436083
-2.819584398281857
-2.7859885129720565
-2.7786164822375183
-2.7780694018697805
-2.759353654751844
-2.7589362399775634
-2.7478536417327057
-2.7371678977658798
-2.713929526120571
-2.678505464543768
-2.6622165706389707
-2.6284268541129503
-2.556782442475577
-2.5344341169147584
-2.514140323748978
-2.5076118216907015
-2.498272252805624
-2.496112062681165
-2.47400510911957
-2.4139146087248933
-2.3733145332884336
-2.306179054453657
-2.257099354109978
-2.232231340214703
-2.218854501270122
-2.208925371909542
-2.18251007059073
-2.139403028118112
-2.1236730759287985
-2.113504627215077
-2.072548965898362
-2.059443388700471
-2.050980469295357
-2.0237208103701545
-2.0068807778526137
-1.9654152107904506
-1.960320104192215
-1.9546706038029056
-1.8973077376813696
-1.8643400477544314
-1.8547025430009414
-1.8184145152549096
-1.7690768441027829
-1.743017303317367
-1.7331503762454463
-1.7062889496641709
-1.6951661448500965
-1.6796597688724535
-1.635245719200985
-1.5977809460007433
-1.581086912101354
-1.573463660523228
-1.5672112186489342
-1.5360834802504648
-1.5194877274833962
-1.4691062859172215
-1.4610687869559391
-1.4586247871525384
-1.4235069930948259
-1.4153199554560385
-1.3098329242753388
-1.2879081053108696
-1.2746003339800778
-1.2104504210630755
-1.1703666993450703
-1.1592553332898867
-1.1185769094238973
-1.0984589829356093
-1.0533459000527845
-1.0404596857811526
-1.0165086573553261
-1.0118258394117774
-0.9967899897424323
-0.9862450375272866
-0.9805881409537235
-0.9305289887003898
-0.9274582980922841
-0.921289375053008
-0.9076913799270026
-0.8758213117853196
-0.8562740238816702
-0.8223683215561516
-0.8197255643891819
-0.81749831562483
-0.7824126520467211
-0.7638593256758172
-0.7385965314047713
-0.7129612484814597
-0.6865128890856749
-0.6831539473691142
-0.6693386849361754
-0.6380929139678247
-0.6205647377695379
-0.6043530277321164
-0.5979200906714714
-0.5324881521982253
-0.5319927694916847
-0.5017162557125956
-0.4925633761526879
-0.46707279471163987
-0.400919810580336
-0.38187249047863714
-0.37996858851519705
-0.37914289892864145
-0.3461410961843541
-0.3067790450593832
-0.2995179023864383
-0.26906206349635875
-0.23641136602690524
-0.21075072920236093
-0.208870600101589
-0.18366359108615934
-0.15910294011447282
-0.11961033493715352
-0.11170870217972768
-0.034038558273069314
-0.0007932787198429949
0.018310063963865718
0.06475189118071249
0.065355684701478
0.10861801599896044
0.12280118672452836
0.1510248674952678
0.15849219610707252
0.15871099893227147
0.1786471710521211
0.19384477158005006
0.208671074758571
0.22590987171978377
0.23350194892565693
0.23685497557981308
0.32622222634439496
0.32810697764296365
0.34651809445831006
0.3667239436453391
0.3916224294725893
0.43035626649894626
0.44243488967028977
0.46398869144758453
0.4825817838569822
0.49034551593799225
0.4993868452593186
0.5134396771349606
0.5176618463130096
0.5285477961159979
0.5515255900491118
0.5683104813020003
0.6078480623775804
0.6313109075247174
0.6564411628721823
0.6870821036425232
0.7025012465742997
0.7419888666852976
0.7575862845015225
0.800607991115138
0.8147522858256886
0.8470105400818045
0.8524923013424609
0.9453195179317078
0.9596512727043204
0.9652175064259501
1.0133470741092645
1.0410744104385274
1.0422544116517443
1.1190592962598735
1.1240187454787938
1.1495503836831555
1.1965139639049494
1.201785589442862
1.2026125509157435
1.2026166201041883
1.3520862636650675
1.3602199843300398
1.4158501701385766
1.4376032957761455
1.4730314524624286
1.482399975478209
1.4831453841999394
1.5159424409839526
1.5352845937073307
1.5390856918451221
1.5860417680305914
1.5914113500131692
1.5960500480763238
1.6517777659901163
1.6994663773889411
1.7571149781339988
1.7720666174139676
1.8246112886773882
1.8336673693002232
1.8396253176562458
1.8757272681759927
1.9113108443159705
1.9121327667849746
1.9321421383773874
1.9442263817421634
1.9599278926417467
1.9659058339015096
2.043524541501009
2.1175354810093334
2.1361509647577344
2.138150874893573
2.139142986183064
2.145843845910159
2.1849369617907195
2.1872722360921126
2.1948591037804386
2.1973379457329925
2.2261356414759397
2.2501357948921865
2.280198462651052
2.30278468864651
2.309151952082411
2.384523536567138
2.3863495104716335
2.4160296883985706
2.4581413625560495
2.4769758038280143
2.553517854329198
2.580456233749019
2.6054044003729033
2.6177576079559106
2.6267643970334875
2.6646862392710022
2.6721231825404614
2.7096902957101205
2.7725553756210846
2.834875234763212
2.8469795825891344
2.8481087842261315
2.8621948172190987
2.8656183161790874
2.897863077706341
2.906491914170669
2.923744898192165
2.9370678075708767
2.939605657719884
2.967818223411393
2.974774138353239
3.010184351697753
3.051020364830613
3.071518452851938
3.101000488952892
3.1269349494631453
90
0.11442818196976501
0.8018399948131492
0.4388429164765335
0.5805385462842791
0.5649353352790232
0.7650652565034288
0.10795009255433685
0.3027575884093734
0.6967667045165951
0.5155598082842854
0.4548012151870693
0.4088514204281779
0.893957303256929
0.7007996676895158
0.5922047784478357
0.6160061278422517
0.13872089948482125
0.36150439536429246
0.28197144846764655
0.582139034155883
0.9164019083441952
0.039128408068587195
0.8687435675899617
0.8220450135176118
0.9691082329830136
0.5608322716140008
0.015435861868413392
0.7635138355417532
0.07922917451256706
0.3302397828563126
0.029200710061379143
0.3505559248538137
0.7738726633402042
0.3632085610931244
0.7602298028006005
0.7921123916966668
0.8738698497510458
0.819729208037409
0.17471245643265387
0.0820128260481241
0.1948168974801907
0.35882501080524554
0.2001371537064287
0.10188432174507178
0.9405036765830723
0.40521381036191584
0.010207989106086002
0.9950190687884819
0.1435745806540405
0.9324294979231471
0.18988534883098018
0.7837595820507113
0.490701075944846
0.8718109301724144
0.6355337884884911
0.0704601763337751
0.3594064842754514
0.3341622724017399
0.8133125225101812
0.7606777388364643
0.11725069487532003
0.036116270884051005
0.9897576855058401
0.30650274102368114
0.6606989564942098
0.060320682262445136
0.9931813722873284
0.31278860208382975
0.6164271277905946
0.5863926925007246
0.11155574547863578
0.47651338003424937
0.6915131652935527
0.9560969123029643
0.33952795457523743
0.7482990417259987
0.6103764033023555
0.33521109862696896
0.06971750837076374
0.21244286513395916
0.7802499299060097
0.6209007221166352
0.2923207187563217
0.6059140516295711
0.15231766646609102
0.07427448726451669
0.5488202872276313
0.9619168279606618
0.2109266524459421
0.5788000995756071
